{
 "cells": [
  {
   "cell_type": "code",
   "execution_count": 1,
   "id": "18ad0e9a",
   "metadata": {},
   "outputs": [],
   "source": [
    "import numpy as np"
   ]
  },
  {
   "cell_type": "code",
   "execution_count": 2,
   "id": "10140191",
   "metadata": {},
   "outputs": [],
   "source": [
    "A = np.array([\n",
    "    [1, -1, 2],\n",
    "    [3, 2, 2],\n",
    "    [4, 1, 2]\n",
    "    ])\n",
    "B = np.random.rand(3, 3)"
   ]
  },
  {
   "cell_type": "code",
   "execution_count": 3,
   "id": "d9245f80",
   "metadata": {},
   "outputs": [
    {
     "data": {
      "text/plain": [
       "array([[ 1, -1,  2],\n",
       "       [ 3,  2,  2],\n",
       "       [ 4,  1,  2]])"
      ]
     },
     "execution_count": 3,
     "metadata": {},
     "output_type": "execute_result"
    }
   ],
   "source": [
    "A"
   ]
  },
  {
   "cell_type": "code",
   "execution_count": 4,
   "id": "1e8c1087",
   "metadata": {},
   "outputs": [
    {
     "data": {
      "text/plain": [
       "array([[0.4778973 , 0.7596493 , 0.46084463],\n",
       "       [0.27483039, 0.84528637, 0.64596842],\n",
       "       [0.56544008, 0.44194857, 0.79725374]])"
      ]
     },
     "execution_count": 4,
     "metadata": {},
     "output_type": "execute_result"
    }
   ],
   "source": [
    "B"
   ]
  },
  {
   "cell_type": "code",
   "execution_count": 5,
   "id": "fff3d708",
   "metadata": {},
   "outputs": [
    {
     "data": {
      "text/plain": [
       "array([[ 1.4778973 , -0.2403507 ,  2.46084463],\n",
       "       [ 3.27483039,  2.84528637,  2.64596842],\n",
       "       [ 4.56544008,  1.44194857,  2.79725374]])"
      ]
     },
     "execution_count": 5,
     "metadata": {},
     "output_type": "execute_result"
    }
   ],
   "source": [
    "A + B"
   ]
  },
  {
   "cell_type": "code",
   "execution_count": 6,
   "id": "f49b20e4",
   "metadata": {},
   "outputs": [
    {
     "data": {
      "text/plain": [
       "array([[ 5, -5, 10],\n",
       "       [15, 10, 10],\n",
       "       [20,  5, 10]])"
      ]
     },
     "execution_count": 6,
     "metadata": {},
     "output_type": "execute_result"
    }
   ],
   "source": [
    "5 * A"
   ]
  },
  {
   "cell_type": "code",
   "execution_count": 8,
   "id": "557e82e9",
   "metadata": {},
   "outputs": [
    {
     "data": {
      "text/plain": [
       "array([[1.33394706, 0.79826007, 1.40938369],\n",
       "       [3.11423283, 4.8534178 , 4.26897821],\n",
       "       [3.31729973, 4.76778072, 4.08385443]])"
      ]
     },
     "execution_count": 8,
     "metadata": {},
     "output_type": "execute_result"
    }
   ],
   "source": [
    "np.dot(A, B) # 곱"
   ]
  },
  {
   "cell_type": "code",
   "execution_count": 9,
   "id": "ce28d6b5",
   "metadata": {},
   "outputs": [
    {
     "data": {
      "text/plain": [
       "array([[1.33394706, 0.79826007, 1.40938369],\n",
       "       [3.11423283, 4.8534178 , 4.26897821],\n",
       "       [3.31729973, 4.76778072, 4.08385443]])"
      ]
     },
     "execution_count": 9,
     "metadata": {},
     "output_type": "execute_result"
    }
   ],
   "source": [
    "A @ B # 곱"
   ]
  },
  {
   "cell_type": "code",
   "execution_count": 10,
   "id": "0d1f0d81",
   "metadata": {},
   "outputs": [
    {
     "data": {
      "text/plain": [
       "array([[3.28974165, 1.31755868, 4.33107295],\n",
       "       [6.66389362, 8.54399054, 7.56091505],\n",
       "       [8.44817989, 6.65167787, 7.6783619 ]])"
      ]
     },
     "execution_count": 10,
     "metadata": {},
     "output_type": "execute_result"
    }
   ],
   "source": [
    "A @ B + (A + 2 * B)"
   ]
  },
  {
   "cell_type": "code",
   "execution_count": null,
   "id": "428e176a",
   "metadata": {},
   "outputs": [],
   "source": []
  }
 ],
 "metadata": {
  "kernelspec": {
   "display_name": "Python 3",
   "language": "python",
   "name": "python3"
  },
  "language_info": {
   "codemirror_mode": {
    "name": "ipython",
    "version": 3
   },
   "file_extension": ".py",
   "mimetype": "text/x-python",
   "name": "python",
   "nbconvert_exporter": "python",
   "pygments_lexer": "ipython3",
   "version": "3.8.8"
  }
 },
 "nbformat": 4,
 "nbformat_minor": 5
}
